1 0.46615079295642864 0.35236077143691974 0.021660177558972295 0.0934212875586979
0 0.46812846134224784 0.3213877639129787 0.01431455212592958 0.039511512300811305
1 0.9483922725986225 0.5284883601676549 0.02825240551170296 0.16909587891448893
0 0.9474505257482323 0.46101743026415093 0.017328142047177694 0.03750245235331242
1 0.9503699409844418 0.40827960664230534 0.021660177558972437 0.102796900647026
0 0.9543252777560802 0.3724513709119086 0.01450290149600761 0.03582823573039676
1 0.3114849925961451 0.25229612129597173 0.010759412886090693 0.031602526737889394
0 0.31142651752611206 0.24054912944932205 0.007367858824170739 0.013514238407650047
1 0.7860671494572807 0.23784413645313462 0.01273587025320964 0.07226998877691024
0 0.7852309559558074 0.21017113442146965 0.007975999552514991 0.020583224651651653
