1 0.19163757370909873 0.8397956368132724 0.1342582217575727 0.29533326083118455
0 0.14435987305127643 0.726259501163548 0.04701649789175697 0.07011843142375611
1 0.817620253024814 0.2326457619866069 0.009508778463320766 0.036832558311399664
0 0.8173110244569011 0.21897098753890445 0.005334192796496922 0.015255276017034945
1 0.8001488389377368 0.23436369847501176 0.009044935611451308 0.05318731368101364
0 0.8008059496445518 0.21182437174714036 0.0068030284940832075 0.013331187150021507
1 0.7917610140331004 0.22330018748968464 0.008813014185516721 0.04810222167533535
0 0.7936163854405777 0.20488390833398484 0.009122242753429788 0.014018361745383458
1 0.26156645120652916 0.26658121137295576 0.010622774379226848 0.029140325890918143
1 0.29857028778582273 0.25213611420385257 0.011185570372828302 0.025263286823886125
0 0.2969874240538188 0.2455076280569913 0.0064721539264163755 0.01300684074101067
