1 0.1791104681590743 0.8267578235327471 0.1062033224661178 0.26075626561050413
0 0.1419393052959331 0.7183219987925671 0.03760171687313901 0.0591932031522866
1 0.07452668967872715 0.43208402191116996 0.018431568790446624 0.05903104643997154
0 0.06981327323231523 0.41376188567503475 0.009848929888024917 0.02413769483668325
1 0.06724551651150873 0.444715665323113 0.02216009224805604 0.06153236196708903
0 0.06407978904750072 0.42257902290812377 0.010482075380826518 0.021511313533209914
1 0.8658568390256207 0.23789607500122542 0.010974521875227907 0.034142956945153034
0 0.8682346520985865 0.22635250384357847 0.006767621823057226 0.014957866852162311
1 0.8109385024750018 0.23675797643638702 0.007590710963699223 0.05983146740864911
0 0.8102983220322801 0.21277661382014856 0.006310350078256022 0.014795281342899678
1 0.7998267990763336 0.23700185470028096 0.0100599783856255 0.05934371088086124
0 0.8001926164721747 0.2118823935192041 0.007682165312659492 0.01235649870396017
