1 0.11554438421264238 0.8850940648655399 0.06421985097953141 0.30689693263254275
0 0.11639310070273176 0.7420503086768888 0.04162022096645154 0.058682916918215255
1 0.10304592639280076 0.8974324669516411 0.08783301803954605 0.20513506609671764
0 0.0836709959429009 0.8244615354794257 0.0421942929797819 0.0785840800470011
1 0.9368520785336595 0.5125705771483272 0.04680894877924516 0.18605821149989296
0 0.947229534159247 0.4360276420376117 0.021196505107582624 0.06201940383329756
1 0.7747759729100494 0.2283448669648817 0.011154316199714173 0.06537975435872109
0 0.7752729473941952 0.20380291713052692 0.007730714197821839 0.019044553071459306
1 0.7852124370771087 0.21990243622186367 0.009055979488876886 0.049280235267384356
0 0.7859855084968911 0.20233040014046566 0.007509836649312547 0.0176702038807354
1 0.7989620644718062 0.24051767408272173 0.008503785617603938 0.0693064663322179
0 0.7989068450846787 0.21126366988017078 0.007288959100803396 0.013547156308563828
1 0.8114968653497029 0.23865248589531063 0.009055979488876886 0.062434720378598485
0 0.8118281816724666 0.21430687165963078 0.008614224391858584 0.017670203880735435
