1 0.9349593411029495 0.5387393784150677 0.03808177709334558 0.18165300932535366
0 0.9387298140824888 0.469362675591547 0.01696712840792628 0.054965117212837596
1 0.9179922126950233 0.45897292782570576 0.02752445275063593 0.16154382010114468
0 0.9253446350051248 0.395293828615711 0.01734417570588022 0.03686684691104958
1 0.5902732362727935 0.47439917656413455 0.05684713107612893 0.07218683311254459
0 0.5747562897800745 0.4573837087590348 0.01885236489769582 0.044343340340563205
1 0.6015846552114109 0.536789225182834 0.05104640341529951 0.05671822601699944
0 0.6057901827655123 0.5218362383238069 0.026973383622856915 0.0350621760832361
1 0.5714558687640513 0.23740356904316465 0.013575075679633458 0.0557419036756632
0 0.5702545346331104 0.21796865243594105 0.007568405024928282 0.01986205763155816
