1 0.6766119731887156 0.4878669751786503 0.03695214990598458 0.1735464154788535
0 0.6727513008104785 0.4211937760116331 0.023164034269423296 0.04608294648308536
1 0.6444856637555273 0.5020840544127937 0.05653127410990194 0.15099518634883283
0 0.6330415277771814 0.45158891092600867 0.027576231273123 0.05784880515961781
1 0.623527727987954 0.3589327738483156 0.02785199358585409 0.1009902869735701
0 0.6224246787370291 0.32510593015328487 0.017373025702067436 0.03725855247568607
1 0.6801968832542216 0.3861413220377969 0.03364300215320995 0.045592702371563265
0 0.6701315588395318 0.3895730308184522 0.01737302570206751 0.029904890802853287
1 0.938580212164408 0.4249232777030063 0.01754851081016909 0.15477128148882194
1 0.9554450147611939 0.420263932841432 0.018915927236935345 0.15112483768411158
0 0.9579519448769324 0.3586795485840996 0.012990456054281055 0.03524895677886782
1 0.9611425832060541 0.4405219539787123 0.02165076009046828 0.13978034584723453
0 0.9649029783796618 0.3821788531033448 0.010483525938542612 0.030387031705920508
