1 0.9204130118401704 0.6236034242684255 0.03238914299209924 0.26840035339689416
0 0.9170173758813214 0.5077454862536761 0.02350824894587845 0.05061529155754577
1 0.9057447136854401 0.6134644537126712 0.03806876053613119 0.23171587602949695
0 0.9027818251307616 0.525159003991364 0.01697817979424556 0.05665197770661088
1 0.8834528204419282 0.5994566796721652 0.03735199554734038 0.23310895744851387
0 0.8939009310845408 0.5005478989220986 0.027426290436858382 0.0455073263544908
1 0.16952059517639045 0.8866960445867781 0.09664502344416713 0.22660791082644366
0 0.15241181399911224 0.8035755199188819 0.05145694491486738 0.075226396626811
1 0.11519041983480463 0.9103784287100336 0.07052474683763549 0.17924314257993287
0 0.10474230919219195 0.8579056952604677 0.04910612002027952 0.08544232703292139
1 0.11923906270881705 0.813791450324992 0.08332368237483603 0.2071047709602334
0 0.10317509259580007 0.7487809841042911 0.04597168682749571 0.0863710479789313
