1 0.40444401215064185 0.7265381174473512 0.07945788143706935 0.3356397498880195
0 0.3830515056098923 0.5907126790933864 0.03803112273911019 0.0845136060869114
1 0.30597056934401734 0.7690967547982599 0.06655446479344278 0.25535182410545343
0 0.28899238954977186 0.6821684742517227 0.043464140273268725 0.07183656517387461
1 0.2479051944476974 0.7980728483137725 0.06451708321813324 0.31934069728554354
0 0.22973854206785474 0.6752262851802978 0.038370686334994984 0.07606224547822023
1 0.2446793402867909 0.891037815009375 0.1789500150313485 0.21792436998124998
0 0.17880400268511798 0.8243324330622057 0.056707120512780304 0.09779431561485467
1 0.12413426374764704 0.8545158638075311 0.06961053715640711 0.29096827238493755
0 0.10698630215545918 0.7313674663666032 0.04142675869795921 0.07123289655896826
