1 0.6781259082856101 0.48351137908600816 0.031085933435156646 0.17158543903276474
0 0.6737387805830679 0.41420868877537204 0.019303361891185915 0.03832817599173446
1 0.6470399748504535 0.4944304524790023 0.027576231273122857 0.18896682116855124
0 0.6548114582092427 0.4186654534255737 0.021559598995350628 0.04545899943205718
1 0.6080572115507208 0.33264989567668124 0.018801975868038383 0.12478941020564704
0 0.6074304790217862 0.28184277866438207 0.012534650578692208 0.02941464669133108
1 0.9551728499214311 0.44401125145823267 0.023355321889674627 0.15201886936074843
0 0.9590340120080307 0.37972133313826845 0.011489311574759 0.02678746596665171
1 0.9415175205907748 0.42927814517657426 0.023166972519596526 0.14666137616741814
0 0.9498990675592467 0.3708479850368151 0.014314552125929367 0.03247980248456521
