1 0.5009634860513692 0.34780873731420214 0.03136354068409837 0.06387135648436633
0 0.49084055122310005 0.3259634691819403 0.014160404562596724 0.028502852893674914
1 0.5763881192830851 0.3499932466214982 0.016500967300215875 0.11525971170142978
0 0.5752178379142754 0.30026929157340854 0.012990123193787112 0.023301602365632022
1 0.10519290228289759 0.47066033277979225 0.020486346510241678 0.11272910249021863
0 0.1037295918178803 0.4230756443247865 0.011706483720138099 0.019727592935788324
1 0.12049669089620309 0.4534257873029223 0.026949301064067902 0.12031663823475255
0 0.1128752822242382 0.40573270548013746 0.013413679262658214 0.030133356242577777
1 0.7992753800642034 0.30262393914808056 0.019389277116372627 0.09039535998018693
0 0.8014517274956329 0.2618229206356226 0.012662385055590449 0.01723491299233139
