1 0.173263735295213 0.8414208984687898 0.11257839217415143 0.2883678537361095
0 0.14074399092008105 0.7255629604540406 0.03918041490979746 0.07151151284277106
1 0.04664171796971795 0.45060424134538735 0.01765772429924465 0.06190755929615655
0 0.04273732076410807 0.4310939802338714 0.012803608854432378 0.02388756328397143
1 0.0369334870800934 0.46448654252088917 0.015687938321639665 0.06040676997988605
0 0.03316978887288389 0.4420372356650102 0.008864036899222416 0.01825960334795724
1 0.8345517385369031 0.2392710041578468 0.008413800104341363 0.06129473699201281
0 0.8354662820265054 0.21407025022213863 0.007865074010579747 0.014795281342899641
1 0.8115509697734049 0.23691351427353863 0.010334341432506307 0.05755527027897223
0 0.8101334273645213 0.21358249369435073 0.005853078333454818 0.013169426250273304
1 0.7981529076507309 0.23788902732911446 0.010791613177307369 0.0588559543530733
0 0.7981986348252111 0.21512705603234572 0.008505254453301631 0.01820957703741495
