1 0.6398405197736413 0.5038438984072481 0.047238001442165896 0.1787238345162281
0 0.6295450579208617 0.4338616740484841 0.0209946673076292 0.050243648257574165
1 0.6626520332905846 0.4898474535354953 0.034721949778002144 0.18518373214934478
0 0.660027699877131 0.41878857957121185 0.025435846930396907 0.05885684510172986
1 0.5621198763752062 0.3739281793412349 0.03552943698214179 0.14283551433224662
0 0.5641385943855552 0.31973681586342273 0.021802154511768847 0.0502436482575742
1 0.5968418261532084 0.3114825022211069 0.02341712892004786 0.10407612853354646
0 0.5960343389490689 0.27379976602792633 0.01372728247037294 0.03732385299134083
1 0.947291272749788 0.4259662436080081 0.01857220569521047 0.16795733846103375
0 0.947896888152893 0.354189603240045 0.01009359005174474 0.03445278737662236
1 0.9373995544990785 0.41268756513993493 0.010901077255884246 0.15001317836904293
