1 0.7107500940397838 0.4683031153936601 0.028579003319418348 0.18584708591341012
0 0.710624747533997 0.39677204275792305 0.0198047479143338 0.053481175802420185
1 0.6474501086173882 0.5006146591076223 0.04637820714116117 0.18183599772822867
0 0.639678625258599 0.4328718364245567 0.026322766215253635 0.057937940452621885
1 0.6371716951428605 0.3791678223896264 0.030333854400435314 0.12880049839082858
0 0.644441792478502 0.3290292200748574 0.016796431775447544 0.03832817599173446
1 0.6230075399889383 0.3323717935625088 0.02557068718053216 0.09047232239909413
0 0.6173669472285268 0.3005059263135667 0.019303361891185988 0.026740587901210092
1 0.9612565345749512 0.4408663882206416 0.017817850409380755 0.13885952670463092
1 0.9415740254017981 0.4242916436537758 0.015331638724350824 0.14401611390321137
