1 0.24041154801927597 0.34202028792137684 0.020055440925907532 0.063731734497884
0 0.23614976682252065 0.3181765970427978 0.01454019467128294 0.024066529111089103
1 0.2273755114174361 0.35561342010449193 0.014038808648135337 0.05704658752258154
0 0.22562066033641912 0.33243824392344323 0.006016632277772267 0.01693570567076641
1 0.31937984666503705 0.29544709732676927 0.013537422624987663 0.06150335217278318
1 0.3995052040369623 0.2658764551671206 0.01742557086986423 0.05426486499071803
0 0.39740010151577065 0.24311016123423307 0.009472961345362378 0.017464554249886213
1 0.46324303037304276 0.251322659958882 0.01321536582748088 0.07256106468107504
1 0.951219512195122 0.5510971238744645 0.04563335955940218 0.2237957863449602
0 0.9453186467348544 0.46927178949208853 0.019669551534225036 0.07133490689745607
