1 0.5548724259176673 0.4285893535560011 0.041842518759960326 0.1135375947638689
1 0.605156856357269 0.3323434039716869 0.02862909178313075 0.13246052722451374
0 0.6018534996130613 0.28112098334545865 0.01688382335928232 0.040455924571033745
1 0.6282803535667205 0.4905782702374237 0.027160933230149665 0.19966956320542464
0 0.629014432843211 0.41195022328888237 0.014681585529810661 0.054158737732190335
1 0.653422568786521 0.4752441697951771 0.025325735038923228 0.18596675004426808
0 0.649568652584946 0.4184753724132426 0.02202237829471592 0.06981909563065507
1 0.9299869362043292 0.4217379469754228 0.014681585529810661 0.1572560938970828
1 0.9509081955843093 0.4181491149570246 0.02569277467716873 0.160518668459263
0 0.9518257946799226 0.35844400046912794 0.02018718010348948 0.046328558782957996
