1 0.651367399612734 0.3591063031052504 0.02753531366115972 0.1310641453119007
0 0.6511453406315957 0.3113389489403709 0.0182088364533476 0.037108523070236925
1 0.765949833880141 0.46174689883143755 0.043523560303123786 0.14843409228094778
0 0.7548468848232218 0.4048997996600109 0.01776471849107082 0.04895166873095086
1 0.8965205147895119 0.5939953587094097 0.037305908831249186 0.2202825092892788
0 0.8951881609026817 0.5051717662540554 0.026647077736606378 0.056847099171426836
1 0.9364911313944215 0.5035926801659601 0.024870605887499266 0.1958066749238035
0 0.938489662224667 0.4238488327171531 0.0182088364533476 0.04263532437857002
1 0.939599957130359 0.3701599057219167 0.018652954415624236 0.07421704614047392
0 0.9400440750926355 0.34844747201060783 0.015988246641963712 0.03868760915833214
