1 0.16896200075961673 0.8461851494441812 0.09759224226616231 0.3076297011116375
0 0.15481522614540413 0.7444923927970877 0.04387550387596372 0.12319767651153271
1 0.3007935381065544 0.840353306769079 0.09062136781857927 0.3192933864618419
0 0.27373014319240857 0.7131462384184136 0.03403426936172881 0.07800089577949108
1 0.2468717739973093 0.7926050948666803 0.07790977323769255 0.31127460278357655
0 0.23231494794500357 0.6606596543424945 0.04633581250452245 0.07654293511071558
1 0.3333926274349574 0.7772965078445373 0.08529069912336873 0.3404338161590872
0 0.3120699526541152 0.640248204979637 0.05412678982829167 0.08383273845459308
1 0.37501284840140897 0.7481372944690265 0.08898116206620678 0.4045840855852108
0 0.346104222015844 0.5884906012381056 0.05658709845685031 0.07362701377316455
