1 0.5797780370731446 0.33313612870001835 0.033670578384483035 0.1294244454418569
0 0.5756829667290858 0.28325379035263604 0.01941366681627855 0.03720952806453386
1 0.6129936076416211 0.31399209614507695 0.020627020992295967 0.11594273237499675
0 0.6125385998256146 0.2678846374564155 0.013650234480195849 0.03235611136046423
1 0.6445408162180738 0.5021968105584439 0.044287427424635484 0.1677125105517394
0 0.6374123604339715 0.44368617584827114 0.022143713712317704 0.0528483152220916
1 0.6618311132263218 0.4417987360189106 0.039434010720565876 0.10731443601220626
0 0.6609210975943088 0.4210368978959461 0.03154720857645259 0.07010490794767243
1 0.9354424799182474 0.4107907959651325 0.028513823136409114 0.15746640862092598
0 0.9339257871982256 0.3447304019375181 0.020627020992295967 0.033973916928487426
