1 0.8669112933117138 0.7109785588981358 0.08047657222472396 0.32115170313026303
0 0.8827010005203622 0.5793788008485166 0.04006850431441975 0.0772695827080333
1 0.8371548652393398 0.5235664333131459 0.047016497891756756 0.21221273616328837
0 0.8374160680054049 0.4429998912467771 0.033433954056360446 0.06036686149065098
1 0.7875263396869294 0.4908290199662928 0.04074763150618949 0.2043186081222032
0 0.7932728005403666 0.41211991979194407 0.022985843413747917 0.05711633817961591
1 0.14695268793053107 0.8639169695899949 0.05524349416536876 0.2976853383416099
0 0.1413106964413363 0.728581303528573 0.03709079278127497 0.06175994290966614
1 0.10535685345231449 0.8758617161703485 0.03763468635395727 0.2960508964182782
0 0.1131007977062821 0.7420477572457184 0.041792442570450686 0.06826098953173614
1 0.11375380462144538 0.9036452018514609 0.06086024449321876 0.19270959629707804
0 0.11140297972685753 0.8414208984687898 0.05145694491486737 0.07661947804582624
