1 0.6736776114882437 0.3652939140335485 0.03309147752774735 0.09894017523447736
0 0.6712960278782921 0.33164534092452586 0.01830058984489071 0.036099793666633566
1 0.6166449513551939 0.36796797282366955 0.026322766215253635 0.12122399848548572
0 0.613385942204734 0.32473735571671325 0.012283957567118406 0.037436823061694116
1 0.6743043440171783 0.488523456611625 0.0358491006550598 0.18139032126320842
1 0.6353215807174455 0.49721414767951827 0.03910810980551986 0.18094464479818825
0 0.6333160366248546 0.4323682220190838 0.015542966717578323 0.056600911057561376
1 0.9640252703150983 0.44393672404010703 0.016951443307021776 0.1446523162199194
1 0.9388806294096824 0.42602260617490856 0.016763093936943817 0.15503245928199674
1 0.9486747966537394 0.4154750414505395 0.01864658763772411 0.1473310628165845
0 0.9498048928742077 0.3545335563764068 0.014502901496007326 0.029466212563316888
