1 0.3856376219561519 0.763060068649195 0.10186907876547352 0.3676341864780644
0 0.3521906077614881 0.6284419675250433 0.042445449485613906 0.10805668206826517
1 0.2885224335330671 0.8252379359845654 0.12020551294325867 0.3338287440433
0 0.2516797833795542 0.706315218847983 0.056707120512780235 0.10926401929807823
1 0.19768917163385324 0.8674947390280211 0.07368530030702583 0.2650105219439578
0 0.17561753790133403 0.7799627898665773 0.045841085444463074 0.09719064699994803
1 0.13843532415193618 0.8916414836242815 0.10662296910786226 0.216717032751437
0 0.11296805446056782 0.8146737352237016 0.04753890342388768 0.10020899007448066
1 0.6689472161219528 0.3794786142254496 0.03060245424907265 0.11677704202788647
0 0.6651605488032544 0.33647718580812197 0.01653768992247862 0.03901727051284677
