1 0.643494399372373 0.4820955763757553 0.026647077736606236 0.17298170328679105
0 0.6457149891837569 0.41606106723722924 0.020590923705559306 0.048090349046535294
1 0.6661040410882814 0.4745590291371192 0.021802154511768777 0.18518373214934492
0 0.6620666050675834 0.408883403200433 0.017764718491070964 0.05096141466125388
1 0.6307764759071746 0.3345945804195911 0.03108825735937401 0.1234558214328965
0 0.6283540142947558 0.2868631145748956 0.014938513276582412 0.039477152202379705
1 0.5960545261291724 0.3170093035294401 0.020590923705559233 0.10551166134090582
0 0.5936320645167537 0.2746610857123419 0.013323538868303118 0.02799288974350567
1 0.9351991518677982 0.408883403200433 0.018975949297280293 0.16149744082791692
0 0.932978562056414 0.3482321420895041 0.01614974408279167 0.033017254569263056
