1 0.04235583777045898 0.4486474462568754 0.017799203821742965 0.058829293382662226
0 0.0424811842762459 0.43126606412108887 0.014540194671282985 0.03208870548145214
1 0.22135064803418403 0.3570609326952308 0.014289501659709138 0.05838361691764199
0 0.22210272706890558 0.3370054917693233 0.013788115636561394 0.02451220557610924
1 0.2354467462545116 0.34734022631671835 0.02058322465165162 0.06129226896269614
0 0.23197332709454538 0.324927381696031 0.013893676639864835 0.02104062964391062
1 0.24953339062548566 0.2946243009588772 0.01556606364281155 0.06243578144334339
1 0.265999970346807 0.2844470398811161 0.012478579945063864 0.055346004063329984
0 0.26497080911422444 0.2629490052449466 0.006303612549568385 0.01600917472906243
1 0.39509538245888465 0.27964428746239733 0.012864515407282298 0.0580904340168836
0 0.3950310598818483 0.25860365781848677 0.01042025747989868 0.020583224651651653
