1 0.5852532977924231 0.32623349160978593 0.020020343904287186 0.11804587961342698
0 0.587755840780459 0.2835234246139731 0.017017292318644125 0.03737130862133622
1 0.6339694679595221 0.333351836109088 0.03603661902771691 0.1097411443642411
0 0.6249603132025928 0.29360774598798445 0.01468158552981059 0.036184917871452456
1 0.6418107693220345 0.49529417346821136 0.043711084191027115 0.15363760210993746
0 0.6348036489555341 0.4424997850983873 0.02102136109950152 0.05753995136935885
1 0.6578270444454642 0.44872833653527666 0.031031533051645254 0.10796155823941554
0 0.6563255186526428 0.4152127978510625 0.02068768870109665 0.04686243462040579
1 0.931104738738985 0.41343321172623687 0.025025429880359128 0.1477056483605191
0 0.9301037215437709 0.35174089273228515 0.01501525792821539 0.03855769937121977
