1 0.1755724281836345 0.8144879910344994 0.07940564088385624 0.31065715644034997
0 0.16512431754102178 0.7044345589323125 0.043882064698973176 0.0998375016960766
1 0.2603327257718297 0.8052007815743994 0.06033783896108815 0.2177850618393485
0 0.26607918662526664 0.7220802569065029 0.03265034575816454 0.08590668750592627
1 0.2985989310003981 0.8047364211013934 0.05276295874519314 0.291154016574139
0 0.29742351855310467 0.6886463028501424 0.04100883427225473 0.07476203615380612
1 0.26998564515142115 0.8104751996449632 0.06399467768600234 0.33248209867158446
0 0.2740831856711253 0.6401206334211192 0.0473896447004217 0.08026802461943688
1 0.4457307176569048 0.7253639488227528 0.09067467450553124 0.3409732616065341
0 0.42819281764966205 0.5903677255991542 0.05037481916973967 0.09486221091388003
