1 0.35376522526938536 0.8095707711092327 0.10905200590647994 0.3808584577815347
0 0.3448858833474218 0.6785009861932939 0.04902789518174131 0.13074105381797693
1 0.1661031276415892 0.84305438151592 0.08537616229923924 0.3095707711092328
0 0.15553677092138632 0.7416173570019723 0.0507185122569738 0.10970226354841728
1 0.11217238123088973 0.9037123895389471 0.07576982254953994 0.19257522092210594
0 0.08864182172054927 0.8376790829112849 0.03699575197017918 0.06787487294795554
1 0.06614966577998685 0.9126571402375149 0.04883691511524951 0.17468571952497045
0 0.06230084631778169 0.8595147978519063 0.04350700431693069 0.0852382125392927
1 0.8119883163108567 0.2369049790578055 0.011637988947049678 0.057392822204628685
0 0.8117491840920334 0.21387697913849837 0.007652376293950595 0.013887645866799048
1 0.7997923461327358 0.23612555465979887 0.011159715428677686 0.05696769018829809
0 0.7987560868429299 0.2140895451466637 0.007811800800074451 0.015446463260011178
1 0.7841288884060558 0.21224730640923112 0.009485758114376068 0.028483845094148988
0 0.783331765875436 0.20452407477922555 0.006297267991896831 0.016155016620562145
1 0.7759982385937334 0.22344244950593647 0.012036550212359743 0.05314150204132286
0 0.7754801089488305 0.20282354671390324 0.005101584195966922 0.015304752587901014
