1 0.6382659197255692 0.34015727004810814 0.025314723849775903 0.12001054269523437
0 0.6387100376878461 0.29357423044930003 0.017320600528794118 0.033160807849999044
1 0.7366380483698742 0.439639693598105 0.03197649328392757 0.18001581404285147
0 0.7350836355019055 0.3713442202879881 0.021761780151561966 0.0513202978630936
1 0.924722005394087 0.614918249376671 0.04574415011450753 0.23528382712618323
0 0.92982936196027 0.5162253688707217 0.01776471849107082 0.050530754819046064
1 0.9058469919973242 0.5399116601921494 0.04618826807678445 0.21001844971666003
0 0.9131749383748909 0.4570096405671521 0.01643236460424049 0.056847099171426906
1 0.8363425309010095 0.7836652059309591 0.07772064339843525 0.3016054428261811
0 0.8521087185618349 0.6703657791101293 0.025758841812052822 0.0892183639773782
