1 0.4708036651395811 0.4650412093461774 0.039373343011764844 0.201093232105285
0 0.4719715185339978 0.3902985921035051 0.023690740286739925 0.058726342119242575
1 0.6361383385491532 0.49262479428097306 0.031698877848454717 0.19338169223104118
0 0.6334689593619148 0.41817877472577164 0.025692774677168444 0.05991273286912623
1 0.6639999838159528 0.4772017145324851 0.023357067888335196 0.18507695698185536
0 0.6624984580231313 0.40750125797681847 0.019019326709072856 0.053980779119707806
1 0.5779125050275178 0.33898719217103557 0.017350964717048924 0.132875763986973
0 0.5777456688283154 0.28856558530097876 0.011678533944167669 0.0403372854960454
1 0.5949297973461619 0.3158525725483036 0.02068768870109693 0.14473967148580993
0 0.5917599095613164 0.2695833333028398 0.02168870589631119 0.03677811324639436
1 0.9288671114309796 0.40922691724937665 0.025177099152361108 0.1553093345302282
0 0.9259853952629382 0.35287335662990144 0.021840375168313386 0.0296597687470922
1 0.22952009822894584 0.2808810088528686 0.007886802144113147 0.04853416704069637
0 0.22945989225427263 0.2665037398815878 0.008626880081380968 0.01221253805759286
