1 0.18625063234287403 0.8705130821025537 0.11647031338852468 0.2589738357948926
0 0.1475403824119941 0.7796609555591238 0.05059497578685182 0.09055029223597642
1 0.07826940885147214 0.9070350333043976 0.06825228277286724 0.18592993339120498
0 0.06298904703665112 0.8505920178106388 0.04584108544446309 0.08511727470181811
1 0.04516195825269324 0.9429533158913348 0.052292793766276394 0.11409336821733035
1 0.460819365084369 0.2741781394118021 0.016169128896168915 0.07545593484878818
0 0.4611165917184897 0.24818071648070694 0.011056830789291965 0.026420145255177944
1 0.7726636372240111 0.22786208015583004 0.010082322586218311 0.06505794985675109
0 0.7728503469015336 0.20371429519624512 0.006348129035767016 0.018090093199963953
1 0.7831193791652747 0.21815317692465672 0.00952219355365088 0.045640143394404475
0 0.7825125727133263 0.20296745648615486 0.007375032262141446 0.01858798567335743
1 0.7969358953019444 0.24122219485855573 0.010269032263741167 0.050287139812743825
0 0.7961890565918541 0.22346402997418743 0.007655096778425161 0.017426236568772603
