1 0.15489324027673274 0.8267935435691319 0.07679361322320309 0.24982593447669388
0 0.13347461345937678 0.7411190362997084 0.04022522597405875 0.06733226858572593
1 0.10487291057522462 0.8983050564119034 0.08227887131057474 0.2033898871761933
0 0.07940564088385624 0.8219177586025797 0.036568387249144324 0.06918971047774605
1 0.8138061820223935 0.23804629305677238 0.01326088059923336 0.06080698046422494
0 0.8101480080639842 0.21512173625074113 0.007773619661619619 0.01820957703741499
1 0.7989448503163559 0.2412980032420251 0.010608704479386973 0.06926142694588179
0 0.798944850316356 0.21382105217664002 0.009694160989784564 0.01885991907446545
1 0.7861412414619232 0.21991800877398876 0.010791613177307369 0.04633687013985053
0 0.7866442403812047 0.2035781650930941 0.007590710963699223 0.016583721944788615
1 0.7755325369825365 0.2287789190288023 0.009511252291863883 0.06633488777915442
0 0.7753496282846163 0.2032529940745689 0.008779617500182014 0.01853474805594022
