1 0.217746425881626 0.8172888674371421 0.12456591652376811 0.3133842843324969
0 0.17741699076688122 0.7071418080914951 0.05106226865334621 0.07805697118982863
1 0.16213221990591323 0.8496680554862561 0.09464684956174736 0.3006638890274877
0 0.14099040421162784 0.730269799555148 0.037402298695126214 0.07458777247028067
1 0.12359159038093534 0.9124027323314147 0.09497208694170499 0.1751945353371707
0 0.09952263826703144 0.8502462552728476 0.04358180891432095 0.07516597225687206
1 0.06765072276939442 0.9138482317978941 0.046836821808881775 0.17230353640421162
0 0.06179510219194762 0.8545827536722825 0.04293133415440572 0.07111857375073286
1 0.8132876039660206 0.24018185126815225 0.012331485548688903 0.06724171391628715
0 0.812614035427647 0.21319305376476574 0.009326333608252213 0.017317044131865772
1 0.7991426646601716 0.2375106050988751 0.013885874483397629 0.062267669325219405
0 0.7986763479797588 0.21328516570163736 0.008808203963349257 0.017501268005609028
1 0.7818889474849051 0.2137457253859955 0.006942937241698814 0.03721322249613703
0 0.7830806456681817 0.20158694971894087 0.009326333608252071 0.01915928286929823
1 0.7743242546693229 0.2213910161463405 0.011295226258883134 0.05176690852185395
0 0.7765522121424052 0.20167906165581242 0.007253815028640531 0.016027477015662973
