1 0.6017433877215876 0.5513600343308397 0.045623027033886675 0.2426050444437152
0 0.5975040798998548 0.4490783218064923 0.027454564940745812 0.05239694746861304
1 0.6435308505358112 0.49609202124750806 0.03795189859456045 0.22968524917748204
0 0.6386859273109736 0.40134685596179687 0.022609641715908423 0.05167918106493346
1 0.7030830318411055 0.4648691826874442 0.03270323176765316 0.243322810847395
0 0.7016699292338612 0.3679707181906939 0.017764718491070964 0.06101014431276873
1 0.7561753155132833 0.43795294254945794 0.037951898594560586 0.1507309447727225
0 0.7515322640894807 0.3733539662182912 0.01574600048072199 0.03158172176190384
1 0.6275829782540544 0.3385422956398291 0.027858308542815565 0.11986698941449837
0 0.6259680038457752 0.30157732585032804 0.016553487684861565 0.04880811545021484
