1 0.584969676253779 0.3225556802851465 0.03083132961260233 0.11027502020168878
0 0.581482799690449 0.2778584087832785 0.015782704444546453 0.031320715796929265
1 0.6692052732310675 0.35355013862585777 0.03413468635680971 0.11745268423848508
0 0.6699393525075581 0.31603053116078617 0.017250862997527604 0.054158737732190404
1 0.6427784192774085 0.5062386281358885 0.05248666826907318 0.15268848951003064
0 0.6293814724814563 0.4527324053161341 0.021288299018225418 0.053506222819754326
1 0.6592952029984454 0.46252012900267453 0.03560284490979086 0.13050298248720565
0 0.652504969690908 0.41227648074510037 0.021288299018225418 0.053506222819754326
1 0.9314550947573101 0.4109714509202283 0.018351981912263254 0.15790860880951882
0 0.9329232533102911 0.3473512469577155 0.015415664806301094 0.035888320183981505
1 0.949990596488696 0.41390776802619045 0.020921259379980198 0.15334100442246665
0 0.9488894775739602 0.35355013862585777 0.011378228785603142 0.039150894746161666
