1 0.16130273984728763 0.862934849589594 0.10950994834634331 0.2741303008208121
0 0.12534160767496696 0.7613856210705601 0.04232314025388496 0.07418881461753259
1 0.08153989859958138 0.9123940593346157 0.07606578856530137 0.17521188133076862
0 0.0739915039403583 0.8637240922982912 0.05209001877401226 0.09576144865525478
1 0.8124483280259718 0.23898240439607485 0.010282880644996056 0.06362809177747718
0 0.8114120699206085 0.2143247353709007 0.008050937559260375 0.01828067670221504
1 0.8002523544919308 0.2391949583262398 0.012674248236855448 0.06376980244958741
0 0.7984588287980361 0.21524585473961694 0.007333527281702317 0.020406336783868006
1 0.783712061981569 0.21439559070695574 0.007811800800074309 0.034293982650666986
0 0.783632349728507 0.20369643496263606 0.006217555738834761 0.014879620571570377
1 0.7763386785733354 0.2250947464512754 0.008688635583756366 0.05654255817196752
0 0.7769763765978314 0.20213761756942397 0.005978418979648978 0.014879620571570414
