1 0.09669863283368221 0.4023367738332712 0.026726775614071024 0.08029542923503855
0 0.09234776238487996 0.37121308681326765 0.013052611346406789 0.02762457427810965
1 0.18796332010498676 0.3701081038421432 0.023619011007783682 0.048987578386514415
0 0.18578788488058565 0.3531650316182361 0.013466979960578449 0.026887918964026626
1 0.22753552275837877 0.35500666990344343 0.015331638724350824 0.05856409746959237
0 0.22670678553003543 0.33548530408024596 0.00621552921257468 0.026887918964026626
1 0.2411060948725001 0.34248352956403366 0.018439403330638128 0.060774063411841085
0 0.23810192241975564 0.3201997063130253 0.014917270110179182 0.027992901935151016
1 0.3076054971442025 0.2901483046682746 0.012993160561355098 0.0695255588233567
0 0.3063190456034742 0.26167484390015655 0.009391096247316036 0.01852490218648647
1 0.29705659451023103 0.2960945695676407 0.01530877333466588 0.06266448393947283
0 0.2955771752383935 0.2721951587221118 0.007975999552514991 0.017152687209709683
