1 0.9166163677460317 0.602934027031088 0.05803804969933367 0.23495596931421103
0 0.9192974733027942 0.5081665835606783 0.02744190393392387 0.06112219726789739
1 0.8786077536766311 0.5746159448106402 0.06024601898137348 0.23439521521083592
0 0.8939058265593358 0.4767643537716668 0.03217326668115248 0.0622437054746478
1 0.7828828225747082 0.7895417775522888 0.07759434905454413 0.33533095381837247
0 0.8038585307540869 0.6647739895513058 0.05141414185321395 0.10934705015816519
1 0.14222861310014953 0.8675322122179662 0.04449979341141459 0.29634530755343574
0 0.14974191270361525 0.7315894408784243 0.03760171687313898 0.06429606549300104
1 0.10535417337086017 0.8742777822030319 0.04289325775868215 0.2941591746696125
0 0.11572814591379105 0.7525111764753533 0.04190725697311674 0.07450179017442964
1 0.1115661238171459 0.9015147568242128 0.06400902948633586 0.18574418920200317
0 0.10525133167051187 0.8367084050971403 0.04391650901977302 0.07348121770628695
