1 0.5694441523563907 0.34089134932459886 0.02826205214488546 0.14290076582349023
0 0.5657737559739381 0.2851013243113184 0.015048625168055949 0.040455924571033745
1 0.6081668341912663 0.32784105107587824 0.022756457571206427 0.11680016932604914
0 0.6085338738295115 0.2877113839610625 0.018351981912263327 0.040455924571033745
1 0.6318408908580859 0.4922748090097574 0.03340060708031928 0.18466172021939598
0 0.6294551332094916 0.4185406239044862 0.019820140465244405 0.048938618432702224
1 0.6646909384810372 0.47465690637398467 0.028629091783130604 0.1716114219706756
0 0.658818304269113 0.4048378107433296 0.01614974408279167 0.04502352895808599
1 0.9351991518677982 0.39863891907518734 0.01614974408279167 0.13833316143643806
1 0.9524500148653258 0.41168921732390784 0.02422461612418772 0.14224825091105422
0 0.9511653761314673 0.35394164757331936 0.015048625168055735 0.041108439483469754
