1 0.17539765741286006 0.8432783403608098 0.10056306493514688 0.2995125050882297
0 0.14287791303772818 0.7260273209270457 0.041792442570450665 0.06593918716671097
1 0.8120957730526722 0.23906518034933824 0.010517250130426703 0.06487161819579075
0 0.810449594771388 0.21313279162194818 0.006310350078256022 0.01593337990773808
1 0.798606256581038 0.23963422963175746 0.009511252291864026 0.06438386166800289
0 0.7992007098492796 0.2136205481497361 0.00576162398449469 0.016908892963313882
1 0.7910155456173391 0.22077431055729196 0.008596708802261759 0.049751165834365806
0 0.7910155456173388 0.20272731902913965 0.006950530520977764 0.015608208889212776
1 0.7219100103673699 0.23616900004769056 0.017952853607938694 0.04978924733935028
0 0.7270906909799467 0.21765761321639368 0.009232896141225523 0.019696845101281432
