1 0.9340185676392571 0.5305039787798408 0.034316976127320944 0.21485411140583557
0 0.9332725464190981 0.4363395225464191 0.028348806366047797 0.058355437665782474
1 0.31463967052831615 0.2935395231879957 0.019558396313898677 0.07158628716198198
1 0.23223554488225784 0.34595091200301825 0.021571760640329316 0.06289366657802695
0 0.22792119275419195 0.3237080299205452 0.008341080780927329 0.02454386988410814
1 0.2236068406261261 0.35668885507731546 0.014093550285015227 0.05062173163597294
0 0.22446971105173927 0.34058194046586954 0.010066821632153732 0.024543869884108033
1 0.46507599731652355 0.27569423019046246 0.020180845010646493 0.06953164298653416
1 0.5549075463462154 0.2169574541516094 0.015180281645176591 0.07080162733332024
0 0.5549968421205989 0.18981153873905843 0.011072676023540567 0.019049765201790265
