1 0.5620909950211822 0.3512811185716958 0.016735023573978082 0.09362250950477151
0 0.5589897493938366 0.3154965149387609 0.011000644866810703 0.026214302661336043
1 0.501880018595926 0.3376538421882235 0.022001289733621334 0.08176365830083374
0 0.49754997753133035 0.3070704890833314 0.014043376425715763 0.03183165323162232
1 0.238577829062392 0.3821321043438538 0.022703458554907137 0.1181724119971338
0 0.23530104122972503 0.33324034938025093 0.01170281368809647 0.024966002534605777
1 0.03944902099878409 0.4794894094052799 0.020750961819332274 0.09133875529269965
0 0.03234708754190033 0.4425988106153557 0.007878707428730442 0.017952109571567263
1 0.029018056233986053 0.4944823800364789 0.022082574342497985 0.08857689228168944
0 0.02557805721580797 0.45808497106994955 0.011873544998227561 0.020122144794504068
