1 0.17161021730491302 0.8523333695844076 0.09037615705859955 0.29533326083118466
0 0.15084459740272035 0.728581303528573 0.04623288959356105 0.06454610574769604
1 0.10291388982973476 0.8952867133373708 0.0877641293979464 0.2094265733252584
0 0.0864581155676198 0.8188994155280469 0.04440447023110382 0.07429767568080123
1 0.8125026404840255 0.23964323627728448 0.011115220873628146 0.06503420370505339
0 0.8104625050072204 0.21406728501250868 0.006472153926416411 0.019385195335160147
1 0.7991714103855918 0.23745458519105675 0.01034137638242612 0.0639086117178505
0 0.7998749053775935 0.21237889703170443 0.009075085396822828 0.016008419373551633
1 0.7855939570399575 0.2151928769997115 0.007668095412819298 0.03714453557769392
0 0.7856291317895575 0.20306149669319196 0.0060500569312154084 0.014632695833637008
1 0.7747249594135299 0.22651132975991792 0.011115220873628005 0.060531835756242
0 0.775147056408731 0.2017483060414553 0.0063314549280158875 0.013507103846434134
