1 0.6101634605427533 0.4718135726430445 0.04005944019736475 0.25533822044499205
0 0.603324043923691 0.36976513419989304 0.02540354744223137 0.06513730113392661
1 0.6387424514152635 0.49396025502857965 0.025892077200735813 0.20062288749249377
0 0.6321472996754536 0.42404621847816515 0.01563295227214233 0.07121678257309305
1 0.6871068975072041 0.49656574707393664 0.03859385092185136 0.23536278143058809
0 0.6873511623864562 0.4027680334410825 0.023449428408213607 0.059926317043212406
1 0.7408451709426934 0.43490243533381956 0.035662672370824565 0.15893501476678076
0 0.739135316787928 0.3732391235937023 0.019541190340177934 0.04429336477107
1 0.6245750884186345 0.3072333251113235 0.029800315268771412 0.08424424279987833
0 0.6282390616074178 0.2785729126123958 0.011724714204106661 0.03734538598345122
