1 0.17111599555124082 0.8437427008338148 0.1099663645134983 0.2967263422501996
0 0.14486511756167655 0.728581303528573 0.04492687576323446 0.08404924561390643
1 0.07412577758447064 0.43375306338162045 0.0172394926611425 0.06981693888877245
0 0.06960330977874492 0.4124506509254005 0.009431471321342534 0.021989587051581907
1 0.06465565269213899 0.4446104219883391 0.017626028371033574 0.058547275524836594
0 0.06229778486180337 0.4245449238037706 0.011209535586841533 0.021164977537147536
1 0.9157118766427689 0.5883935307270646 0.05003037596174153 0.22396462813395346
0 0.9216391701804048 0.49766463830916324 0.020092520466562718 0.06036686149065098
1 0.8117709901988513 0.2390895925167795 0.008652988401621969 0.05953130954539496
1 0.8112433689548498 0.2140139043574272 0.006612852924816508 0.012881774964654796
1 0.8004095460780227 0.23627561254877238 0.011115220873628005 0.057405191347345196
0 0.8007612935740234 0.21238804926480084 0.0073163479168187 0.012881774964654867
1 0.8657642308349878 0.23677587565419586 0.01139661887042891 0.03314243073430603
0 0.8683319875557944 0.22395663357771903 0.004572717448011616 0.010255393661181493
