1 0.16833714940663577 0.8319408312599947 0.09292496570217686 0.2560599054904428
0 0.14760773398076554 0.7417162491765135 0.05146613485043645 0.10102611655826393
1 0.10632912805981513 0.8980208068704314 0.07898926699419123 0.20395838625913712
0 0.08559818956027446 0.8402008282112992 0.04253104199445787 0.10483842284348156
1 0.0636193842082377 0.9148584929634754 0.07076898156669101 0.17028301407304908
0 0.0521809422789147 0.8646631268747782 0.02859229713913134 0.08514150703652447
1 0.8952280304204525 0.7000509634958437 0.07221570784578972 0.3272726432064203
0 0.913873889413423 0.5669320266289236 0.037883650017463424 0.06629638753056113
1 0.8140661500841272 0.2407815431788093 0.012275686971545668 0.06504519849857913
0 0.8112363651004267 0.2138565154778724 0.005340720955152989 0.013179092506248047
1 0.799159958761536 0.23879759376926657 0.009565470367437996 0.06362809177747725
0 0.79931938326766 0.21293539610915613 0.006058131232710764 0.014171067211019447
1 0.7825399539981123 0.21371480480576222 0.007572664040888526 0.033018586601675254
0 0.7818225437205544 0.2044327557825445 0.006297267991896831 0.016438437964782546
1 0.7753658512225339 0.225972777943294 0.007572664040888526 0.05696769018829805
0 0.7765615350184635 0.20188196368456096 0.005340720955153131 0.012753960489917482
