1 0.3948573063443245 0.8099007383035708 0.11229525784993925 0.31916330893514216
0 0.37626063943923904 0.6878303093881379 0.04935269294041916 0.09536752259018201
1 0.6262427580287535 0.501545748595316 0.0700951291037837 0.25431339357381844
0 0.6194478220442029 0.40490665903726497 0.03218653887418633 0.06866461626493098
1 0.6952650025033975 0.45640512123596316 0.03790859022959737 0.2276104872485675
0 0.6906158357771262 0.3661238665172576 0.021457692582790885 0.06484991536132377
1 0.7835991703025535 0.4284306479428431 0.025749231099349002 0.19963601395544742
0 0.7835991703025535 0.35340819683856667 0.015735641227379915 0.062306781425585524
1 0.621235963092769 0.3324273418687267 0.040054359487876424 0.09409595562231282
0 0.6187325656247765 0.3000023841880648 0.025033974679922723 0.04450484387541824
