1 0.0811556994164939 0.92303225159942 0.07266660951937111 0.15393549680115995
0 0.06553577400578794 0.8819827857857773 0.044143267465038515 0.0827026002421917
1 0.9359262391666539 0.4701100486456173 0.034930074041870963 0.17310479171192583
0 0.9414130428325229 0.4016924404928085 0.019319731217848926 0.04011634855546219
1 0.8426600200999972 0.2900738203308326 0.020804792638228663 0.10356163446584865
0 0.8428333933719824 0.24892656377966957 0.013869861758819156 0.0292808192686179
1 0.763542780670339 0.23118754860581647 0.013888801032954774 0.06523527757903043
0 0.761609396435638 0.20544416487301626 0.0073389687276409175 0.01571258298677723
1 0.7966470535869559 0.2453569314778209 0.012231614546068102 0.050083858270352444
0 0.7949109534578364 0.2244535844686262 0.0065498323053141405 0.012485891837706901
