1 0.5001999539275905 0.3419982119845273 0.025641592886766772 0.08425375501797408
0 0.49339166891972497 0.3118177624258501 0.01131766858450412 0.03332424638770611
1 0.6077178054803783 0.3022291820973119 0.0164459871618574 0.09714332201699243
0 0.6069220319080304 0.26214577252719373 0.010256637154706781 0.020120299705784852
1 0.2736890376397065 0.36488298158138216 0.022444895630326443 0.1071309227122919
0 0.27198866675862116 0.32111165650028767 0.013602967048682685 0.027326849360020233
1 0.05121586627560414 0.4815069224275139 0.024388507750287683 0.09538616364556958
0 0.04609427964804373 0.44302727686594884 0.01170648372013809 0.021461886820253254
1 0.9040976787202988 0.394158722371601 0.020319171018892773 0.10928341768810924
0 0.9056409068989488 0.35106264656781727 0.01748991935803417 0.02446302446156423
