1 0.1748177876604095 0.8438515496755197 0.11525114384274046 0.30970880478722873
0 0.14800673209278253 0.7224267188292735 0.04804152943339499 0.07979962240339447
1 0.9327468952208042 0.43888077523456404 0.028666588402898725 0.16405448344430304
0 0.936289956708803 0.37388885945470923 0.014816438949812749 0.03922419586713701
1 0.7745419642958841 0.22690210045919038 0.015339538133377744 0.061457921887223356
0 0.7727087024214072 0.20388863620271927 0.008979241834172313 0.0178254578633938
1 0.8115813368618445 0.238807910002278 0.008754760788318095 0.06292120574168102
0 0.8101970370790762 0.21286787803689156 0.006584777345059649 0.01449981273962628
1 0.7985988497099373 0.23727811324534495 0.009727511987019995 0.06145792188722332
0 0.7990103982940033 0.2118701844997613 0.00770718257433117 0.014898890154478402
