1 0.6605035405192762 0.49584753912055246 0.05114083398898508 0.20561237870443227
0 0.6549960660896932 0.4175190138998164 0.030684500393390976 0.07133490689745607
1 0.7297403619197482 0.4650756184981205 0.03697875688434294 0.24757408864411232
0 0.7336742722265933 0.3720604947984964 0.02281667977970102 0.07832852522073608
1 0.7675059008654602 0.43849986886965653 0.03383162863886696 0.1888276947285602
0 0.7619984264358773 0.3685636856368564 0.016522423288749054 0.06853745956814407
1 0.8300550747442957 0.47136987498907246 0.025177025963808008 0.19302386572252822
0 0.8300550747442957 0.39513943526532036 0.023603461841070015 0.051752775592271975
1 0.919748229740362 0.5322143544016086 0.04248623131392606 0.22239706268030437
0 0.9185680566483083 0.4475915726899204 0.02281667977970116 0.06434128857417612
1 0.6627086716341263 0.3485910252913439 0.0222058981138386 0.09402739888203179
0 0.6629105434351612 0.31306158830920217 0.011304820857954069 0.030146188954544614
