1 0.6074094208088138 0.3370335693866197 0.035297576029597336 0.13334639833403425
0 0.6018941745541891 0.28384208328646265 0.01599421413841128 0.03186586724894202
1 0.6640785760750813 0.4855775351778418 0.03226419058955372 0.1794293448171198
0 0.6591148544459192 0.4125311625610362 0.020130648829379823 0.04118050536786356
1 0.6425691156820454 0.4948921732967632 0.03888248609510327 0.17550739192494214
0 0.6424312345256799 0.42331653301452427 0.02371555889488583 0.04902441115221848
1 0.963271872834786 0.43449301721329164 0.017328142047177978 0.1402993530003385
0 0.9643077943702153 0.3760628570735325 0.012996106535383377 0.029466212563316888
1 0.9382214066144094 0.4271264640724624 0.02486211685029872 0.1496749660886664
0 0.9460379054726472 0.3651804490245803 0.014126202755851693 0.034488862432064095
