1 0.40296453356337125 0.729858294829337 0.07742049986175992 0.33865809296255195
0 0.38904242613208984 0.5928255192455592 0.043464140273268725 0.08270260024219177
1 0.30160480019172514 0.7998838541584921 0.08523046256711289 0.27346188255264875
0 0.2761375305003567 0.6933363436274931 0.039049813526764864 0.07002555932915527
1 0.25881978711022624 0.8216159242951264 0.09066348010127136 0.35435347695012126
0 0.23454099000445502 0.6851868173262551 0.04074763150618935 0.10564200760863912
1 0.17375910634105587 0.8677965733354744 0.09236129808069596 0.2644068533290512
0 0.15236659980030642 0.7690967547982601 0.04821803061565746 0.08753194916144395
1 0.11365634986942647 0.8617598871864093 0.06044232006751425 0.2764802256271814
0 0.11569373144473595 0.7600417255746623 0.05433017534158587 0.09236129808069592
