1 0.5938703874812267 0.5423879542848443 0.05329415547321254 0.24475834365475413
0 0.5884198488532845 0.4386707089531376 0.030280770155234293 0.050243648257574235
1 0.6475682865565091 0.5326981078351694 0.04198933461525833 0.26844463497618215
0 0.6491832609647884 0.42754532969610337 0.029877026553164755 0.06531674273484647
1 0.696219390605919 0.45984481786168674 0.027858308542815707 0.23901621242531726
0 0.6954119034017795 0.3633052365667763 0.0222058981138386 0.060292377909088944
1 0.779996188035401 0.4128311184206709 0.027454564940746023 0.18231266653462633
0 0.7769681110198775 0.34213112765822723 0.01736097488900114 0.04952588185389459
1 0.6162781573961001 0.3356712300251105 0.02301338531797839 0.12417358783657616
0 0.6132500803805767 0.2911697129969734 0.013727282470373012 0.039477152202379705
