1 0.1572957316525204 0.831860685873462 0.10849961051943924 0.2525916858653612
0 0.12686991494601096 0.7379680188043173 0.04075911294645602 0.08011493874921555
1 0.3953954807847546 0.280835798377518 0.01997362981291438 0.062351542802219946
0 0.3931365583654369 0.26075648798358275 0.01474244105238931 0.026420145255177944
1 0.2541342216846771 0.2782574138953442 0.013149944850494819 0.04646674613837394
1 0.9427383790591857 0.5481903207894517 0.04658572551117089 0.20100877859449662
0 0.9551127123980905 0.4623518080420165 0.020866522885211937 0.059526204819829474
1 0.8124153575025977 0.23988633143806756 0.010619112909095776 0.06448869279550451
0 0.8097393410495056 0.21383410776775252 0.007645761294549089 0.014800683592410878
1 0.7976760287847727 0.23535550993018667 0.008155478714185592 0.058447597451663356
0 0.7994600397535008 0.21126664224662 0.007985572907639949 0.013894519290834708
