1 0.6814827491303717 0.47420014593527937 0.03391446257386249 0.1844659657456652
0 0.6818864927324415 0.4013468559617968 0.022609641715908423 0.04450151702813706
1 0.6423196197296018 0.4986042036603868 0.052486668269073035 0.17585276890150964
0 0.6330335168819965 0.43508187693473943 0.026647077736606305 0.05885684510172979
1 0.5823636948222376 0.33531234682327066 0.026243334134536552 0.12919795266233358
0 0.5775187715974002 0.2868631145748956 0.016553487684861493 0.04234821781709826
1 0.597100336297785 0.31342047151104196 0.021802154511768777 0.10694719414826512
0 0.5920535412719127 0.2714311368957836 0.012516051664163612 0.04019491860605935
1 0.9332168850208873 0.4056534543838745 0.015746000480721847 0.15360201038744115
0 0.9344281158270968 0.34643772608030504 0.01493851327658234 0.04234821781709833
1 0.9465404238891904 0.4131900016225106 0.020590923705559448 0.15719084240583925
0 0.9483572700985047 0.35433315652078096 0.012112308062093718 0.05670354589069092
