1 0.5732744586896914 0.3317502085967451 0.026997130416387308 0.11756053794302002
0 0.5709994196096588 0.2886087267827928 0.017593635552252494 0.036670259541859415
1 0.6124051308662528 0.32986276876738474 0.03124387003244827 0.13319932510057775
0 0.6093717454262092 0.27782335632930477 0.01789697409625681 0.04422001885930104
1 0.640008938370649 0.4929914968763919 0.041557380528596255 0.16825177907441394
0 0.6345488445785705 0.4304363482461609 0.023963744976343973 0.05176977817674264
1 0.663366006258984 0.4490411122784279 0.03245722420846562 0.1073144360122064
0 0.6576025739229013 0.41506719534994047 0.022143713712317492 0.04691636147267303
1 0.9298489171668072 0.4134493897819172 0.016380281376234932 0.1590842141889491
0 0.9307589327988203 0.3479282642769772 0.013346895936191459 0.03774879658720821
