1 0.17484419487184436 0.8305749702089537 0.09768983450842846 0.2679359929238892
0 0.14127963943245117 0.7158779333767168 0.03787440107947091 0.050615291557545704
1 0.8196743691877156 0.32881864074915934 0.023183677461418598 0.11567796398527104
0 0.820524437361301 0.28526767331052405 0.016537689922478477 0.035720036385000535
1 0.8117591497205828 0.23764361730586217 0.009044717455901434 0.06323882987810066
0 0.8109700132982559 0.21260708397528308 0.006495199783768015 0.01489242068801687
1 0.7826218048962019 0.22906428799646114 0.012565479955514292 0.06593673217665444
0 0.7846249973528782 0.20267880351660517 0.006980822197507877 0.015108252871901158
1 0.7970690717049574 0.23672633052435388 0.011472829524599888 0.05924593447624105
0 0.7973118829118272 0.21120417478003511 0.006495199783768442 0.01251826666528956
