1 0.17121841315581507 0.8144879910344994 0.09011495429253426 0.23728820170555878
0 0.14183310197346694 0.7350823501506433 0.034478765120621785 0.059902501017645875
1 0.11388440600447805 0.9020199401959433 0.08410729067303194 0.19596011960811324
0 0.08684991971671778 0.8353842123197248 0.0316055346939033 0.07661947804582639
1 0.06360287353690458 0.8987694168849083 0.07235316620009272 0.20246116623018337
0 0.05772581130043498 0.8312049680626796 0.03500117065275243 0.08219180372188632
1 0.8120190523267367 0.23930143478847785 0.010151432734585625 0.06438386166800285
0 0.8122476881991372 0.21410068085276968 0.01042579578146629 0.017559235000364416
1 0.7946884531987728 0.24076470437184155 0.011340339271068558 0.04682462666763843
0 0.7926764575216477 0.22271771284368924 0.005487260937613882 0.014632695833637008
1 0.7763061290577662 0.22377451865389633 0.008230891406420825 0.055766829677083296
0 0.7764433105812065 0.20198806041270345 0.006859076172017353 0.016421136435526017
1 0.9483090876618674 0.3542069360503909 0.018237826269649416 0.10688533964434783
0 0.9492364347603242 0.3087325820371787 0.008655239585596348 0.01978340476707725
