1 0.9297360670330624 0.5318419524064659 0.036345148230373214 0.20406740301370171
0 0.9369266539131723 0.4546775129980958 0.0277164439742414 0.05996513664867315
1 0.6061596574281218 0.3073213244893408 0.01934921560465895 0.1008715864555201
1 0.5146430971358155 0.23062173110150297 0.02039511915085683 0.06554328889506142
0 0.5138586694761671 0.20575246900302221 0.010981987235076787 0.0213829169444881
1 0.6319150322532424 0.1964555485923752 0.012289366667824098 0.05764090654601148
0 0.631130604593594 0.17298082455549152 0.0070598489368349955 0.017199302759696947
1 0.2426777877723678 0.2988999154125637 0.01303718305997517 0.06762666646635519
1 0.20026229494025685 0.36970154274588396 0.01821633797421189 0.05111686995813706
0 0.19615468931862082 0.3525567540642727 0.009643943633406309 0.02381220650223767
1 0.18249243583796196 0.3744639840463314 0.018752112620512237 0.06953164298653412
0 0.18401046400247956 0.34874680102391464 0.01107267602354053 0.023812206502237743
