1 0.1647853024709456 0.8516368288749001 0.09951825387088561 0.2967263422501998
0 0.1372284106510547 0.730903105893598 0.03552357618488303 0.06547482669370609
1 0.9387178125769833 0.5411450562030126 0.03978319052379433 0.2043186081222033
0 0.9483622224009335 0.4557741692428611 0.019690670057231473 0.0478648487559007
1 0.49382879590815476 0.23821525674370897 0.019044387107301403 0.08596943373927825
0 0.49303527977868383 0.20261594489607349 0.011482645167637742 0.020081663093538003
1 0.25214553131095835 0.2798500284443756 0.011614702317949366 0.04454842953796152
1 0.8111737641954271 0.23921060724592658 0.010059978385625357 0.060781967308953744
0 0.8092039782178222 0.21350959020479487 0.005979707432015289 0.013382038070078294
1 0.7983701553409948 0.23683435749516493 0.00879368740002235 0.058280651781836286
0 0.7990736503329966 0.21275919554665962 0.004994814443212761 0.01263164341194301
1 0.7812048775361512 0.22657896383398346 0.013718152344034706 0.05327802072760143
0 0.7812752270353517 0.20625577517615434 0.009637881390424213 0.015383090491772257
