1 0.5629472979590631 0.33430094870899496 0.028629091783130604 0.12593537810015348
0 0.5605615403104688 0.2869936175573829 0.017984942274017895 0.03784586492128963
1 0.5937786275716654 0.32386071011001855 0.021288299018225418 0.11288507985143287
0 0.5928610284760523 0.28307852808276673 0.01651678372103696 0.03915089474616174
1 0.6361717057889936 0.49971347901152813 0.0488162718866203 0.16573878775875117
0 0.6345200274168898 0.4416396518047216 0.021288299018225345 0.057421312294370495
1 0.6545236877012569 0.4524061478599161 0.021655338656470634 0.11419010967630484
0 0.6510368111379269 0.4184753724132426 0.023490536847697002 0.046328558782957927
1 0.9310880551190647 0.41814911495702456 0.018351981912263254 0.15790860880951882
1 0.9490729973930828 0.42108543206298676 0.024224616124187436 0.17291645179554757
0 0.9496235568504509 0.3558339408193838 0.012112308062093576 0.045023528958085916
