1 0.17953780707876146 0.8149191829022898 0.08545061918422499 0.3197453542691622
0 0.17058228367080772 0.704136041485381 0.04515076384843329 0.13002093244140198
1 0.24614451242541716 0.7903744150434538 0.07686824258493602 0.32637907531209104
0 0.22674087837485082 0.6626752849670767 0.044031323422439074 0.0908819782881229
1 0.2866309411655413 0.7840723800526717 0.048135938317751224 0.2872401211588118
0 0.27506339009693437 0.6848982504608878 0.02873230426718479 0.1021593040611016
1 0.3593945688551652 0.7273540651356314 0.07798768301093027 0.35291395948380566
0 0.3427895358695844 0.5840656906083719 0.04253873618778009 0.09817907143534456
1 0.43999427952674863 0.741616565377928 0.06903215960297643 0.3469436105451698
0 0.43514337101410705 0.616239237666576 0.043658176613774344 0.11741686245983765
