1 0.17725044699339126 0.8316693285356849 0.10448110642612661 0.2874391327900996
0 0.15544001602693733 0.726259501163548 0.05093453938273674 0.0877641293979464
1 0.09576716752420701 0.4231997633176688 0.021667645753654784 0.06465900637598572
0 0.08978746009219188 0.4042522981997542 0.011255919872028458 0.019760392664227737
1 0.08215453942897259 0.427889729931014 0.020612403265652127 0.06028170420353014
0 0.08120482118977015 0.40725387683229514 0.011678016867229513 0.025013155271174342
1 0.9389187377816489 0.550065724509748 0.04661464748242565 0.21539181940155344
0 0.9506728622545881 0.46308743591227164 0.025115650583203433 0.04786484875590077
1 0.8121167502873154 0.23937153087427426 0.009637881390424213 0.06353341438878285
0 0.810322838057711 0.21435837560309992 0.006612852924816792 0.016008419373551595
1 0.7990669181856827 0.23568209047177605 0.009004735897622993 0.05790545445276866
0 0.7987151706896816 0.21241985606958388 0.006472153926416552 0.014632695833637008
1 0.8444423451697974 0.22980399898305007 0.0156175888224395 0.034142956945153034
0 0.8482412181266069 0.21929847376915682 0.007738444912019418 0.02013558999329536
