1 0.16149718177205905 0.8508394085021953 0.10787507063680506 0.29832118299560934
0 0.14288715496629442 0.735324063206903 0.043528537274500304 0.07626255805902787
1 0.5599425803328805 0.21586515980716123 0.015272876276358644 0.07121245305703344
0 0.5604455792521619 0.18936372179735197 0.011157430573148162 0.022761971296768733
1 0.7996019267382232 0.21642937004261228 0.008943052541396242 0.031536884736143696
0 0.7990888007727333 0.20652522442299692 0.006157511585879405 0.015898760073593116
1 0.7903656593594042 0.22229366679106877 0.00835662286655051 0.03753149919012138
0 0.792161600238619 0.20945737279722515 0.005937600457812096 0.014725900723901831
1 0.7957901338517265 0.24203679917753892 0.0137810973588725 0.04782659792630056
0 0.7954602671596257 0.22346652614076007 0.008136711738483342 0.012249864318997937
