1 0.20288470380446252 0.8066355363691968 0.12164203247794911 0.2625547410932536
0 0.1601176145269354 0.7024554988211723 0.03847558204898632 0.07103184378274392
1 0.1494640992168303 0.8550424225026225 0.0775456186441085 0.2899151549947551
0 0.12948513189562705 0.7471792523140113 0.03699575197017918 0.07734578545232125
1 0.08361166070991141 0.9021339041215528 0.055348167462001045 0.19573219175689446
0 0.06333672737294671 0.8447822672895594 0.032556261733757655 0.06734871114215721
1 0.04232440151119147 0.9444899294883001 0.042621628784259416 0.11102014102339992
0 0.038179616033224895 0.929231237120155 0.03255626173375767 0.09418296323786038
1 0.81191057741409 0.2418675755353822 0.010673470684999558 0.0663205945475709
0 0.8109779443098941 0.21395763040075863 0.007979196531504584 0.013816790530743965
1 0.7992164013705984 0.23781462205050982 0.01160610404582485 0.06410990806265189
0 0.7982319550452829 0.21266806328455587 0.0077719446735433455 0.01823816350058202
1 0.7817036193728805 0.21395763040075855 0.007046563170679434 0.03518675988496124
0 0.7820663101243125 0.20253575022867693 0.005077670520048514 0.012342999540797948
1 0.7745534302732204 0.2273138612471444 0.00953358546621331 0.06337301256767891
0 0.7768850136752835 0.20410165315549458 0.007357440957621151 0.021369969354217276
