1 0.6595523835456035 0.4927968209397062 0.036703963824526654 0.17422148162041956
0 0.6553314277057828 0.4242827551339232 0.02385757648594236 0.05285370790731818
1 0.9273077996455251 0.4076436248668045 0.01504862516805602 0.14616334038567047
0 0.9322628347618359 0.3498960551162159 0.011011189147357783 0.037193350008853585
1 0.9436410635474394 0.4154738038160368 0.014681585529810661 0.1500784298602865
0 0.945843301376911 0.35772623406544823 0.012479347700338934 0.039803409658597744
1 0.5729310289197208 0.33195189502422523 0.024224616124187578 0.1239778333628454
0 0.5721969496432302 0.2839920489601771 0.01468158552981059 0.029363171059621253
1 0.5955039666718046 0.3241217160749928 0.017250862997527393 0.11484262458874095
0 0.5944028477570688 0.2846445638726131 0.012112308062093789 0.041108439483469754
