1 0.16248660391033337 0.8555685843084205 0.09175198740065733 0.2888628313831589
0 0.12948513189562705 0.7548085984980836 0.04054734415931637 0.0799765944813116
1 0.09988979157679026 0.8971353669664708 0.0920479534164188 0.2057292660670585
0 0.07399150394035832 0.8266296849895249 0.035515921891372 0.08786902156828333
1 0.8128823088173657 0.2401165910947811 0.011191600329902655 0.06742593779003041
0 0.8092035883385552 0.2127593458439081 0.007150189099660054 0.015290581520689947
1 0.799514563978871 0.23864280010483505 0.009326333608252071 0.06595214680008443
0 0.7988928084049874 0.21487792039195547 0.008082822460485061 0.022106864849190302
1 0.7836597968448422 0.21285145778077968 0.007253815028640673 0.03316029727378545
0 0.78324529312892 0.20235069697741434 0.006010303880873806 0.012895671162027682
1 0.7746443410235319 0.2282341512383413 0.011398852187863753 0.061714997703989596
0 0.7761987299582404 0.2035481521567455 0.006839311312718195 0.015290581520689947
