1 0.17875202333467097 0.8504759276923874 0.10448110642612667 0.2990481446152249
0 0.15550497715485778 0.7378685129886732 0.04597168682749574 0.0933364550740066
1 0.2521656165059316 0.28052332495234006 0.013672425169554572 0.053897096320562984
1 0.8118538890745793 0.24583292419907338 0.01139661887042891 0.06716032190310318
0 0.8124166850681805 0.2185060520653154 0.008723337900822088 0.016258550926263347
1 0.7998592994609487 0.24126802336208403 0.008793687400022208 0.06628486146861207
0 0.8010200661977518 0.2117525001420983 0.004220969952010734 0.012256446082875455
1 0.7816036044185029 0.22813611684471752 0.011115220873628146 0.05928117799268328
0 0.779774517439298 0.20506148110705916 0.008019842908820322 0.0176342744661779
1 0.9575461706501693 0.3619173269507479 0.019052007910465817 0.11644146320558114
0 0.9610409176633317 0.31732485610179473 0.013866254278031107 0.03046317109681304
