1 0.570471610543091 0.3568127131880379 0.02238941793296121 0.13311304213694988
0 0.5699210510857232 0.3055902925618097 0.01614974408279167 0.0384983798337257
1 0.6046062968999008 0.33266966142790494 0.03193244852733813 0.11353759476386902
0 0.5983666230497312 0.289603677207127 0.013580466615074869 0.03784586492128966
1 0.6497521724040685 0.49253581497473187 0.03340060708031928 0.19705950355568064
0 0.6523214498717854 0.4217379469754228 0.023123497209451786 0.0619889166814226
1 0.6741603083473787 0.4811168040071013 0.02275645757120657 0.19901704829298872
0 0.6725086299752749 0.40216249960234196 0.017984942274018038 0.046328558782957996
1 0.9323726938529233 0.4064038465331761 0.01871902155050847 0.15790860880951896
1 0.9510917154034318 0.42010665969433275 0.02018718010348948 0.16704381758362324
0 0.9521928343181676 0.3571389706442559 0.017984942274017895 0.056768797381934494
