1 0.3237738886762633 0.8240305987547524 0.0954173704436602 0.35193880249049514
0 0.30424898191288086 0.6857904859411615 0.05772581130043495 0.10564200760863905
1 0.1808176148087155 0.8699094134876472 0.10356689674489804 0.2601811730247057
0 0.14771016420993655 0.7859994760156422 0.0441432674650385 0.10201999591920029
1 0.1061136237140349 0.9088460391491171 0.10356689674489805 0.18230792170176585
0 0.07759028165970232 0.8599488813416898 0.04855759421154237 0.09779431561485438
1 0.11494227720704259 0.8104480549193559 0.08523046256711284 0.2149060269067175
0 0.10085038797781876 0.7537032051181441 0.05229279376627637 0.11469703683223699
1 0.522980178215977 0.43728797881253195 0.03447876512062173 0.20385424764919832
0 0.517625521511638 0.35486399485414316 0.022202235115551902 0.048293489192520696
