1 0.5099926541512272 0.733134451111913 0.10925301872008596 0.30792178717856183
0 0.4813470455843754 0.6032546203660837 0.04307944234084687 0.07342750309642632
1 0.6823104235146147 0.8334064177059575 0.05595886324687314 0.3079217871785619
0 0.6871957210996591 0.7118167889226279 0.04085885252946298 0.08053339049285455
1 0.6929692546092572 0.5985173621017982 0.041747088454016534 0.18080535708689915
0 0.6914148417412885 0.5357486901000145 0.03153237532165093 0.056847099171426836
1 0.7439659947474407 0.4453460115565649 0.04929709381272176 0.11922099965118677
0 0.7335292226339368 0.4050793163101375 0.0222058981138386 0.04500395351071283
1 0.6227217910458822 0.3304674986476398 0.030644139397097304 0.11369419834285363
0 0.6240541449327125 0.2953328331875219 0.013767656830579894 0.052899383951188775
