1 0.534721949778002 0.6073458138178509 0.060157796708399186 0.29859082393072667
0 0.5399706166049094 0.4921443060272702 0.030280770155234435 0.08110760361579836
1 0.5908423104657032 0.5599732311749953 0.03431820617593246 0.2612669709393857
0 0.5914479258688079 0.45266715382489037 0.025839590532466587 0.055268013083331624
1 0.6816846209314066 0.47204684672424047 0.03431820617593246 0.24188727804003562
0 0.6824921081355462 0.37443061582381065 0.024628359726257543 0.05813907869805014
1 0.7497154178801665 0.42539203048506447 0.03149200096144383 0.15575530959847994
0 0.7476966998698177 0.3636641197686161 0.014534769674512518 0.04234821781709826
1 0.6140575675847163 0.33638899642879017 0.029069539349024964 0.12848018625865396
0 0.6158744137940304 0.29045194659329376 0.018168462093140575 0.03947715220237967
