1 0.9200187001445179 0.6290106697963325 0.03996402320799362 0.2953332608311846
0 0.922369525039106 0.5115274701260656 0.028471101501119308 0.06965407095075107
1 0.8935066193888885 0.6329577338168749 0.04127003703832002 0.26143494630181907
0 0.9073503659903502 0.5247617436067082 0.03186673745996885 0.06640354763971601
1 0.18937200539735455 0.8825168003297331 0.11597402813300058 0.23496639934053376
0 0.1534566250633735 0.8045042408648919 0.04884491725421423 0.08822848987095157
1 0.11192538525898817 0.9080566263450085 0.0754875993928765 0.18388674730998303
0 0.09442479993261196 0.8500115672193825 0.047277700657822316 0.08358488514090112
1 0.11571282536693527 0.8237752004945996 0.06947993577337423 0.22614355035343864
0 0.10604832302251854 0.7483166236312858 0.04962852555241016 0.10215930406110175
