1 0.6166454498347318 0.3123438219055225 0.023013385317978176 0.0890030340562743
0 0.6162417062326621 0.28076210014361874 0.01493851327658234 0.0330172545692631
1 0.6093780649974755 0.39165700951212173 0.0399706166049095 0.07536547238636132
0 0.6231053474678485 0.36976513419989304 0.012516051664163612 0.033017254569263056
1 0.6291615014988954 0.49106765642175065 0.023013385317978106 0.19666799460821885
0 0.6317858349123491 0.42323873127402556 0.01695723128693146 0.07105887396428344
1 0.6550010920313621 0.49106765642175065 0.02382087252211775 0.20241012583765589
0 0.6493486816023849 0.4121133520169913 0.01736097488900114 0.057421312294370426
1 0.9519545113536946 0.4192910160537876 0.016149744082791812 0.16508627284631522
0 0.9499357933433455 0.3528976237134217 0.01211230806209386 0.03517055378030193
1 0.9356028954698679 0.4070889871912338 0.01736097488900114 0.14498881354328552
