1 0.17330803528433755 0.8096122060679469 0.0901149542925342 0.23961000407058378
0 0.15228121261607958 0.7174366521764529 0.03709079278127495 0.06826098953173627
1 0.11009696589653094 0.8966797947563857 0.07548759939287648 0.1917808753510681
0 0.08972315014343625 0.8374738344482473 0.03944161767586282 0.07708383851883127
1 0.06569249566542712 0.9041095623244658 0.054068972575520534 0.18806599156702802
0 0.056419797470108383 0.8351520320832222 0.027165087670792926 0.06593918716671097
1 0.812348063257709 0.23812020911662343 0.009145434896023232 0.05983146740864911
0 0.8106104306274645 0.21454531027354162 0.006218895729295895 0.016258550926263382
1 0.7947431010828646 0.24941990201037645 0.014541241484676703 0.058043026806760094
0 0.7959320076193476 0.2257637104126633 0.010334341432506023 0.01658372194478865
1 0.7804304954705884 0.22869024957939071 0.013535243646114026 0.06568454574210392
0 0.7793330432830655 0.2024326898334754 0.009694160989784421 0.022924556806031334
