1 0.20586205348088138 0.8491198629470779 0.111312563384758 0.22360742777010345
0 0.16406961091043074 0.7692855816266018 0.033755434383825555 0.04679324766435073
1 0.13141926515226615 0.8760884904177534 0.07534695174961054 0.23825264268795365
0 0.10971934304837831 0.7848237974540772 0.03797486368180372 0.06572486694840095
1 0.09404717708445931 0.8901979047898289 0.043198919003110056 0.17359937683110288
0 0.0924397754471343 0.8342960478473028 0.054048880055054004 0.0918004935094514
1 0.7073700238460588 0.30089804875525916 0.019783404767077285 0.07034099472738568
1 0.7168998908521104 0.21430342778689548 0.009838163777150584 0.057321466808636645
0 0.7159304367572819 0.1898556306959068 0.006463027298858037 0.011745155782615981
1 0.7956254291592727 0.24644571711565014 0.01389644569574273 0.05092987960969652
0 0.7931133793604268 0.22459147773089236 0.006520639903386893 0.01596309659408398
1 0.7677256420316658 0.2255416620519687 0.0094068247786565 0.05207010079498822
0 0.7672980590871813 0.203402367370888 0.005130995333812649 0.013112543630854673
