1 0.6390330325695017 0.5095860296366852 0.04723800144216561 0.1758527689015098
0 0.6261132373032683 0.4431926372963193 0.023013385317978318 0.057421312294370426
1 0.6656801103061082 0.48877080392997585 0.044008052625607516 0.17585276890150958
0 0.6586145972698867 0.41807081316753225 0.01937969289935012 0.04880811545021494
1 0.5843257744890448 0.3222489982763014 0.022609641715908423 0.11412485818506127
0 0.582105184677661 0.274517532431606 0.016553487684861423 0.03158172176190384
1 0.7385558304797055 0.39402563864426454 0.03795189859456045 0.172981703286791
0 0.7371427278724613 0.32476118068918014 0.019783436501419942 0.04593704983549632
1 0.9327565030752757 0.4137642147454544 0.016149744082791954 0.1736994696904707
0 0.9307377850649269 0.3452175231940497 0.01695723128693132 0.04952588185389466
1 0.9466856573466836 0.4198652291767313 0.02139841090969895 0.16436850644263556
0 0.9474931445508232 0.3516774208271663 0.01574600048072199 0.05096141466125381
