1 0.5499606608969315 0.4140222047381764 0.0346184107002361 0.16784683975872014
0 0.5538945712037766 0.3496809161640004 0.02517702596380815 0.05594894658624
1 0.6073957513768686 0.3259026138648483 0.0346184107002361 0.10910044584316808
0 0.6093627065302911 0.28324154209284025 0.02124311565696303 0.04056298627502404
1 0.6514555468135326 0.49724626278520856 0.036191974822974086 0.20281493137512022
0 0.6503947445713841 0.4161915702197165 0.023123497209451786 0.044371014045649915
1 0.6748028805146942 0.47263411014543294 0.01761790263577268 0.20162710794273273
0 0.6685632066645247 0.4002049548650339 0.024224616124187436 0.03588832018398165
1 0.9302624687333995 0.41325525311375444 0.019086061188753688 0.16117118337169906
1 0.9552211641340774 0.41456028293862646 0.025692774677168587 0.15203597459759466
0 0.9555882037723227 0.3571389706442559 0.012479347700339077 0.039803409658597744
